Webots Project File version R2023b
perspectives: 000000ff00000000fd00000002000000010000023f000002d3fc0200000001fb0000001400540065007800740045006400690074006f00720100000016000002d30000008900ffffff000000030000073a000000f7fc0100000001fb0000001a0043006f006e0073006f006c00650041006c006c0041006c006c01000000000000073a0000006900ffffff000004f9000002d300000001000000020000000100000008fc00000000
simulationViewPerspectives: 000000ff0000000100000002000000fc000001310100000002010000000100
sceneTreePerspectives: 000000ff00000001000000030000001c000000c0000000fa0100000002010000000200
maximizedDockId: -1
centralWidgetVisible: 1
orthographicViewHeight: 1
textFiles: 0 "controllers/spiral_search/spiral_search.c" "controllers/crazyflie/crazyflie.c" "controllers/spiral_search/pid_controller.c"
consoles: Console:All:All
renderingDevicePerspectives: Crazyflie:camera;0;0.12963;0;0.0363276
